10
10
0,0
9,9
1,0,2,4,5,7,8,5,4,5
4,4,5,7,1,0,2,4,5,2
1,2,5,4,1,2,4,5,4,4
5,5,4,8,4,4,4,5,4,5
1,2,4,0,0,2,0,5,8,4
0,2,4,5,0,2,0,0,1,0
4,5,5,2,0,2,0,2,1,5
4,0,0,0,1,0,1,1,0,0
0,0,0,0,0,0,0,0,0,0
4,2,2,0,5,1,4,2,0,0
12
0,0
11,11
1,0,1,2,1,5,1,5,4,5,4,0
5,1,5,4,5,4,0,1,0,1,2,1
4,5,4,0,1,0,1,2,1,5,1,5
1,0,1,2,1,5,1,5,4,5,4,0
1,2,1,5,1,5,4,5,4,0,1,0
1,0,1,2,1,5,1,5,4,5,4,0
1,0,1,2,1,5,1,5,4,5,4,0
4,0,1,0,1,2,1,5,1,5,4,5
5,1,5,4,5,4,0,1,0,1,2,1
1,0,1,2,1,6,1,5,4,5,4,0
1,0,1,2,1,5,1,5,4,5,4,0
1,0,1,2,8,5,1,5,4,5,4,0
15
0,0
14,14
7,1,5,2,5,4,0,2,4,0,0,4,0,0,0
4,0,2,4,0,0,4,0,0,0,7,1,5,2,5
7,1,5,2,5,4,0,2,4,0,0,4,0,0,0
0,2,4,0,0,4,0,0,0,7,1,5,2,5,4
7,1,5,2,5,4,0,2,4,0,0,4,0,0,0
7,1,5,2,5,4,0,2,4,0,0,4,0,0,0
4,0,0,4,0,0,0,7,1,5,2,5,4,0,2
7,1,5,2,5,4,0,2,4,0,0,4,0,0,0
7,1,5,2,5,4,0,2,4,0,0,4,0,0,0
7,1,5,2,5,4,0,2,4,0,0,4,0,0,0
2,4,0,0,4,0,0,0,7,1,5,2,5,4,0
7,1,5,2,5,4,0,2,4,0,0,4,0,0,0
0,4,0,0,0,7,1,5,2,5,4,0,2,4,0
7,1,5,2,5,4,0,0,4,0,0,4,0,0,0
7,1,5,2,5,0,0,2,4,0,0,4,0,0,0
18
0,0
17,17
4,0,0,0,4,0,4,5,4,4,4,0,1,5,5,1,5,1
4,0,0,0,4,0,4,5,4,4,4,0,1,5,5,1,5,1
4,0,1,5,5,1,5,1,4,0,0,0,4,0,4,5,4,4
0,4,5,4,4,4,0,1,5,5,1,5,1,4,0,0,0,4
4,0,0,0,4,0,4,5,4,4,4,0,1,5,5,1,5,1
4,0,0,0,4,0,4,5,4,4,4,0,1,5,5,1,5,1
4,0,0,6,4,0,4,5,4,4,4,0,1,5,5,1,5,1
4,0,0,0,4,0,4,5,4,4,4,0,1,5,5,1,5,1
4,0,0,0,4,0,7,5,4,4,4,0,1,5,5,1,5,1
4,0,0,0,4,0,4,5,4,4,4,0,1,5,5,1,5,1
4,0,0,0,4,0,4,7,4,4,4,0,1,5,5,1,5,1
4,0,0,0,4,0,4,5,4,4,4,0,1,5,5,1,5,1
4,0,0,0,4,0,4,5,8,4,4,0,1,5,5,1,5,1
4,0,0,0,4,0,4,5,4,4,4,0,1,5,5,1,5,1
4,0,0,0,4,0,4,5,4,6,4,0,1,5,5,1,5,1
4,0,0,0,4,0,4,5,4,4,4,0,1,5,5,1,5,1
4,0,0,0,4,0,4,5,4,4,5,0,1,5,5,1,5,1
4,0,0,0,4,0,4,5,4,4,4,9,1,5,5,1,5,1
20
0,0
19,19
5,1,4,5,4,4,5,4,1,1,1,4,1,1,7,6,6,6,5,4
5,1,4,5,4,4,5,4,1,1,1,4,1,1,7,6,6,6,5,4
5,1,4,5,4,4,5,4,1,1,1,4,1,1,7,6,6,6,5,4
5,1,4,5,4,4,5,4,1,1,1,4,1,1,7,6,6,6,5,4
5,1,4,5,4,4,5,4,1,1,1,4,1,1,7,6,6,6,5,4
5,1,4,5,4,4,5,4,1,1,1,4,1,1,7,6,6,6,5,4
5,1,4,5,4,4,5,4,1,1,1,4,1,1,7,6,6,6,5,4
5,1,4,5,4,4,5,4,1,1,1,4,1,1,7,6,6,6,5,4
5,1,4,5,4,4,5,4,0,0,0,4,1,1,7,6,6,6,5,4
5,1,4,5,4,4,5,4,1,1,1,4,1,1,7,6,6,6,5,4
5,1,4,5,4,4,5,4,0,0,0,4,1,1,7,6,6,6,5,4
5,1,4,5,4,4,5,4,0,0,0,4,1,1,7,6,6,6,5,4
5,1,4,5,4,4,5,4,0,0,0,4,1,1,7,6,6,6,5,4
5,1,4,5,4,4,5,4,0,0,0,4,1,1,7,6,6,6,5,4
5,1,4,5,4,4,5,4,0,0,0,4,1,1,7,6,6,6,5,4
5,1,4,5,4,4,5,4,0,0,0,4,1,1,7,6,6,6,5,4
5,1,4,5,4,4,5,4,0,0,0,4,1,1,7,6,6,6,5,4
5,1,4,5,4,4,5,4,0,0,0,4,1,1,7,6,6,6,5,4
5,1,4,5,4,4,5,4,0,0,0,4,1,1,7,6,6,6,5,4
5,1,4,5,4,4,5,4,0,0,0,4,1,1,7,6,6,6,5,4
30
0,0
29,29
7,4,5,2,4,5,2,4,5,0,0,2,0,1,5,4,4,0,2,0,5,4,5,1,1,4,0,0,5,4
7,4,5,2,4,5,2,4,5,1,0,2,1,1,5,4,4,0,2,0,5,4,5,1,1,4,0,0,5,4
7,4,5,2,4,5,2,4,5,0,0,2,0,1,5,4,4,0,2,0,5,4,5,1,1,4,0,0,5,4
7,4,5,2,4,5,2,4,5,0,0,2,0,1,5,4,4,0,2,0,5,4,5,1,1,4,0,0,5,4
7,4,5,2,4,5,2,4,5,0,0,2,0,1,5,4,4,0,2,0,5,4,5,1,1,4,0,0,5,4
7,4,5,2,4,5,2,4,5,0,0,2,0,1,5,4,4,0,2,0,5,4,5,1,1,4,0,0,5,4
7,4,5,2,4,5,2,4,5,0,0,2,0,1,5,4,4,0,2,0,5,4,5,1,1,4,0,0,5,4
7,4,5,2,4,5,2,4,5,0,0,2,0,1,5,4,4,0,2,0,5,4,5,1,1,4,0,0,5,4
7,4,5,2,4,5,2,4,5,0,0,2,0,1,5,4,4,0,2,0,5,4,5,1,1,4,0,0,5,4
7,4,5,2,4,5,2,4,5,0,0,2,0,1,5,4,4,0,2,0,5,4,5,1,1,4,0,0,5,4
7,4,5,2,4,5,2,4,5,0,0,2,0,1,5,4,4,0,2,0,5,4,5,1,1,4,0,0,5,4
7,4,5,2,4,5,2,4,5,0,0,2,0,1,5,4,4,0,2,0,5,4,5,1,1,4,0,0,5,4
7,4,5,2,4,5,2,4,5,0,0,2,0,1,5,4,4,0,2,0,5,4,5,1,1,4,0,0,5,4
7,4,5,2,4,5,2,4,5,0,0,2,0,1,5,4,4,0,2,0,5,4,5,1,1,4,0,0,5,4
7,4,5,2,4,5,2,4,5,0,0,2,0,1,5,4,4,0,2,0,5,4,5,1,1,4,0,0,5,4
7,4,5,2,4,5,2,4,5,0,0,2,0,1,5,4,4,0,2,0,5,4,5,1,1,4,2,2,5,4
7,4,5,2,4,5,2,4,5,0,0,2,0,1,5,4,4,0,2,0,5,4,5,1,1,4,0,0,5,4
7,4,5,2,4,5,2,4,5,0,0,2,0,1,5,4,4,0,2,0,5,4,5,1,1,4,0,0,5,4
7,4,5,2,4,5,2,4,5,0,0,2,0,1,5,4,4,0,2,0,5,4,5,1,1,4,0,0,5,4
7,4,5,2,4,5,2,4,5,0,0,2,0,1,5,4,4,0,2,0,5,4,5,1,1,4,0,0,5,4
7,4,5,2,4,5,2,4,5,0,0,2,0,1,5,4,4,0,2,0,5,4,5,1,1,4,0,0,5,4
7,4,5,2,4,5,2,4,5,0,0,2,0,1,5,4,4,0,2,0,5,4,5,1,1,4,0,0,5,4
7,4,5,2,4,5,2,4,5,0,0,2,0,1,5,4,4,0,2,0,5,4,5,1,1,4,0,0,5,4
7,4,5,2,4,5,2,4,5,0,0,2,0,1,5,4,4,0,2,0,5,4,5,1,1,4,0,0,5,4
7,4,5,2,4,5,2,4,5,0,0,2,0,1,5,4,4,0,2,0,5,4,5,1,1,4,0,0,5,4
7,4,5,2,4,5,2,4,5,0,0,2,0,1,5,4,4,0,2,0,5,4,5,1,1,4,0,0,5,4
7,4,5,2,4,5,2,4,5,0,0,2,0,1,5,4,4,0,2,0,5,4,5,1,1,4,0,0,5,4
7,4,5,2,4,5,2,4,5,0,0,2,0,1,5,4,4,0,2,0,5,4,5,1,1,4,0,0,5,4
7,4,5,2,4,5,2,4,5,0,0,2,0,1,5,4,4,0,2,0,5,4,5,1,1,4,0,0,5,4
7,4,5,2,4,5,2,4,5,0,0,2,0,1,5,4,4,0,2,0,5,4,5,1,1,4,0,0,5,4
40
0,0
39,39
3,0,0,0,1,1,1,0,4,5,5,4,0,4,8,7,4,5,4,1,2,3,2,0,0,0,2,2,1,1,1,1,2,0,0,0,2,1,5,3
3,0,0,0,1,1,1,0,4,5,5,4,0,4,8,7,4,5,4,1,2,3,2,0,0,0,2,2,1,1,1,1,2,0,0,0,2,1,5,3
3,0,0,0,1,1,1,0,4,5,5,4,0,4,8,7,4,5,4,1,2,3,2,0,0,0,2,2,1,1,1,1,2,0,0,0,2,1,5,3
3,0,0,0,1,1,1,0,4,5,5,4,1,4,8,7,4,5,4,1,2,3,2,0,0,0,2,2,1,1,1,1,2,0,0,0,2,1,5,3
3,0,0,0,1,1,1,2,4,5,5,4,0,4,8,7,4,5,4,1,2,3,2,5,4,3,2,2,1,1,1,1,2,0,0,0,2,1,5,3
3,0,0,0,1,1,1,0,4,5,5,4,0,4,8,7,4,5,4,1,2,3,2,0,0,0,2,2,1,1,1,1,2,0,0,0,2,1,5,3
3,0,0,0,1,1,1,0,4,5,5,4,0,4,8,7,4,5,4,1,2,3,2,0,0,0,2,2,1,1,1,1,2,0,0,0,2,1,5,3
3,0,0,0,1,1,1,0,4,5,5,4,0,4,8,7,4,5,4,1,2,3,2,0,0,0,2,2,1,1,1,1,2,6,7,8,2,1,5,3
3,0,0,0,1,1,1,0,4,5,5,4,0,4,8,7,4,5,4,1,2,3,2,0,0,0,2,2,1,1,1,1,2,0,0,0,2,1,5,3
3,0,0,0,1,1,1,0,4,5,5,4,0,4,8,7,4,5,4,1,2,3,2,0,0,0,2,2,1,1,1,1,2,0,0,0,2,1,5,3
3,0,0,0,1,1,1,0,4,5,5,4,0,4,8,7,4,5,4,1,2,3,2,0,0,0,2,2,1,1,1,1,2,0,0,0,2,1,5,3
3,0,0,0,1,1,1,0,4,5,5,4,0,4,8,7,4,5,4,1,2,3,2,0,0,0,2,2,1,1,1,1,2,0,0,0,2,1,5,3
3,0,0,0,1,1,1,0,4,5,5,4,0,4,8,7,4,5,4,1,2,3,2,0,0,0,2,2,1,1,1,1,2,0,0,0,2,1,5,3
3,0,0,0,1,1,1,0,4,5,5,4,0,4,8,7,4,5,4,1,2,3,2,0,0,0,2,2,1,1,1,1,2,0,0,0,2,1,5,3
3,0,0,0,1,1,1,0,4,5,5,4,0,4,8,7,4,5,4,1,2,3,2,0,0,0,2,2,1,1,1,1,2,0,0,0,2,1,5,3
3,0,0,0,1,1,1,0,4,5,5,4,0,4,8,7,4,5,4,1,2,3,2,0,0,0,2,2,1,1,1,1,2,0,0,0,2,1,5,3
3,0,0,0,1,1,1,0,4,5,5,4,0,4,8,7,4,5,4,1,2,3,2,0,0,0,2,2,1,1,1,1,2,0,0,0,2,1,5,3
3,0,0,0,1,1,1,0,4,5,5,4,0,4,8,7,4,5,4,1,2,3,2,0,0,0,2,2,1,1,1,1,2,0,0,0,2,1,5,3
3,0,0,0,1,1,1,0,4,5,5,4,0,4,8,7,4,5,4,1,2,3,2,0,0,0,2,2,1,1,1,1,2,0,0,0,2,1,5,3
3,0,0,0,1,1,1,0,4,5,5,4,0,4,8,7,4,5,4,1,2,3,2,0,0,0,2,2,1,1,1,1,2,0,0,0,2,1,5,3
3,0,0,0,1,1,1,0,4,5,5,4,0,4,8,7,4,5,4,1,2,3,2,0,0,0,2,2,1,1,1,1,2,0,0,0,2,1,5,3
3,0,0,0,1,1,1,0,4,5,5,4,0,4,8,7,4,5,4,1,2,3,2,0,0,0,2,2,1,1,1,1,2,0,0,0,2,1,5,3
3,0,0,0,1,1,1,0,4,5,5,4,0,4,8,7,4,5,4,1,2,3,2,0,0,0,2,2,1,1,1,1,2,0,0,0,2,1,5,3
3,0,0,0,1,1,1,0,4,5,5,4,0,4,8,7,4,5,4,1,2,3,2,0,0,0,2,2,1,1,1,1,2,0,0,0,2,1,5,3
3,0,0,0,1,1,1,0,4,5,5,4,0,4,8,7,4,5,4,1,2,3,2,0,0,0,2,2,1,1,1,1,2,0,0,0,2,1,5,3
3,0,0,0,1,1,1,0,4,5,5,4,0,4,8,7,4,5,4,1,2,3,2,0,0,0,2,2,1,1,1,1,2,0,0,0,2,1,5,3
3,0,0,0,1,1,1,0,4,5,5,4,0,4,8,7,4,5,4,1,2,3,2,0,0,0,2,2,1,1,1,1,2,0,0,0,2,1,5,3
3,0,0,0,1,1,1,0,4,5,5,4,0,4,8,7,4,5,4,1,2,3,2,0,0,0,2,2,1,1,1,1,2,0,0,0,2,1,5,3
3,0,0,0,1,1,1,0,4,5,5,4,0,4,8,7,4,5,4,1,2,3,2,0,0,0,2,2,1,1,1,1,2,0,0,0,2,1,5,3
3,0,0,0,1,1,1,0,4,5,5,4,0,4,8,7,4,5,4,1,2,3,2,0,0,0,2,2,1,1,1,1,2,0,0,0,2,1,5,3
3,0,0,0,1,1,1,0,4,5,5,4,0,4,8,7,4,5,4,1,2,3,2,0,0,0,2,2,1,1,1,1,2,0,0,0,2,1,5,3
3,0,0,0,1,1,1,0,4,5,5,4,0,4,8,7,4,5,4,1,2,3,2,0,0,0,2,2,1,1,1,1,2,0,0,0,2,1,5,3
3,0,0,0,1,1,1,0,4,5,5,4,0,4,8,7,4,5,4,1,2,3,2,0,0,0,2,2,1,1,1,1,2,0,0,0,2,1,5,3
3,0,0,0,1,1,1,0,4,5,5,4,0,4,8,7,4,5,4,1,2,3,2,0,0,0,2,2,1,1,1,1,2,0,0,0,2,1,5,3
3,0,0,0,1,1,1,0,4,5,5,4,0,4,8,7,4,5,4,1,2,3,2,0,0,0,2,2,1,1,1,1,2,0,0,0,2,1,5,3
3,0,0,0,1,1,1,0,4,5,5,4,0,4,8,7,4,5,4,1,2,3,2,0,0,0,2,2,1,1,1,1,2,0,0,0,2,1,5,3
3,0,0,0,1,1,1,0,4,5,5,4,0,4,8,7,4,5,4,1,2,3,2,0,0,0,2,2,1,1,1,1,2,0,0,0,2,1,5,3
3,0,0,0,1,1,1,0,4,5,5,4,0,4,8,7,4,5,4,1,2,3,2,0,0,0,2,2,1,1,1,1,2,0,0,0,2,1,5,3
3,0,0,0,1,1,1,0,4,5,5,4,0,4,8,7,4,5,4,1,2,3,2,0,0,0,2,2,1,1,1,1,2,0,0,0,2,1,5,3
3,0,0,0,1,1,1,0,4,5,5,4,0,4,8,7,4,5,4,1,2,3,2,0,0,0,2,2,1,1,1,1,2,0,0,0,2,1,5,3
11
0,0
10,10
1,0,0,0,1,0,1,4,5,7,5
1,0,0,0,1,0,1,4,5,7,5
1,0,0,0,1,0,1,4,5,7,5
1,0,0,0,1,0,1,4,5,7,5
1,0,0,0,1,0,1,4,5,7,5
1,0,0,0,1,0,1,4,5,7,5
1,0,0,0,1,0,1,4,5,7,5
1,0,0,0,1,0,1,4,5,7,5
1,4,5,6,1,7,1,4,5,7,5
1,0,0,0,1,0,1,4,5,7,5
1,0,0,0,1,0,1,4,5,7,5
13
0,0
12,12
4,1,5,4,5,0,0,1,2,1,0,1,2
4,1,5,4,5,0,0,1,2,1,0,1,2
4,1,5,4,5,5,5,1,2,1,0,1,2
4,1,5,4,5,0,0,1,2,1,6,1,2
4,1,5,4,5,0,0,1,2,1,0,1,2
4,1,5,4,5,0,0,1,2,1,0,1,2
4,1,5,4,5,0,0,1,2,1,0,1,2
4,1,5,4,5,0,0,1,2,1,0,1,2
4,1,5,4,5,0,0,1,2,1,0,1,2
4,1,5,4,5,0,0,1,2,1,0,1,2
4,1,5,4,5,0,0,1,2,1,0,1,2
4,1,5,4,5,0,0,1,2,1,0,1,2
4,1,5,4,5,0,0,1,2,1,0,1,2
16
0,0
15,15
4,4,5,2,2,4,0,0,0,0,1,0,0,4,4,5
4,4,5,2,2,4,0,0,0,0,1,0,0,4,4,5
4,4,5,2,2,4,0,0,0,0,1,0,0,4,4,5
4,4,5,2,2,4,0,0,0,0,1,0,0,4,4,5
4,4,5,2,2,4,4,5,6,7,1,6,6,4,4,5
4,4,5,2,2,4,0,0,0,0,1,0,0,4,4,5
4,4,5,2,2,4,0,0,0,0,1,0,0,4,4,5
4,4,5,2,2,4,0,0,0,0,1,0,0,4,4,5
4,4,5,2,2,4,0,0,0,0,1,0,0,4,4,5
4,4,5,2,2,4,0,0,0,0,1,0,0,4,4,5
4,4,5,2,2,4,0,0,0,0,1,0,0,4,4,5
4,4,5,2,2,4,0,0,0,0,1,0,0,4,4,5
4,4,5,2,2,4,0,0,0,0,1,0,0,4,4,5
4,4,5,2,2,4,0,0,0,0,1,0,0,4,4,5
4,4,5,2,2,4,0,0,0,0,1,0,0,4,4,5
4,4,5,2,2,4,0,0,0,0,1,0,0,4,4,5

